0,504
0,503
41,4
40,4
0,502
0,501
0,500
0,499
0,498
0,497
0,496
0,495
0,494
0,493
0,492
0,491
0,490
0,489
0,488
0,487
40,3
0,486
0,485
0,484
0,483
0,482
0,481
0,480
0,479
0,478
0,477
0,476
0,475
0,474
0,473
0,472
0,471
0,470
0,469
0,468
0,467
0,466
0,465
0,464
0,463
0,462
0,461
0,460
0,459
0,458
0,457
0,456
0,455
41,3
0,454
0,453
0,452
0,451
0,450
0,449
0,448
0,447
0,446
0,444
0,408
0,380
0,371
0,370
0,369
0,367
0,366
0,362
0,361
0,360
0,358
0,357
0,356
0,354
0,353
0,352
0,350
0,348
0,347
0,346
0,345
43,4
0,340
0,337
0,336
0,333
2,3
0,326
0,325
0,323
0,322
0,321
0,317
0,316
0,315
0,314
0,313
0,309
0,306
0,243
0,1
0,0
43,3
0,9
0,443
0,442
0,310
0,305
0,308
0,304
0,303
0,302
0,307
0,12
0,10
0,8
0,335
0,300
0,416
0,299
0,415
0,298
0,329
0,297
0,438
0,296
0,403
0,295
0,421
0,294
0,412
0,293
0,517
0,292
0,395
0,291
0,410
0,290
0,409
0,289
0,407
0,288
0,390
0,287
0,404
0,286
0,406
0,285
0,402
0,284
0,401
0,283
0,393
0,282
0,418
0,281
0,398
0,280
0,425
0,279
0,542
0,278
0,515
0,277
0,397
0,276
0,541
0,275
0,392
0,505
0,506
0,508
0,509
0,511
0,516
0,523
0,544
0,546
0,548
0,549
0,551
0,553
0,554
0,556
0,557
0,559
0,560
0,562
0,564
0,565
0,567
0,568
0,569
0,571
0,572
0,574
0,575
0,577
0,578
0,580
0,582
0,583
0,585
0,586
0,588
0,590
0,591
0,593
0,594
0,596
0,597
0,599
0,601
0,602
0,604
0,605
0,607
42,3
41,5
0,610
0,611
0,613
0,615
0,616
0,618
0,619
0,621
0,622
0,624
41,7
41,8
0,626
0,627
0,629
0,631
0,632
41,10
0,633
0,635
0,636
0,638
0,640
41,11
0,641
0,642
0,644
0,646
0,647
0,649
0,650
0,652
0,653
0,655
0,657
0,658
0,660
0,661
0,663
0,665
0,666
1,1
1,2
2,1
3,0
3,1
3,3
3,4
3,6
4,0
4,2
37,0
37,1
37,3
38,0
38,2
38,4
39,0
39,2
39,3
40,0
40,1
40,5
40,7
40,8
40,10
40,11
40,13
40,15
40,16
40,18
40,19
40,21
40,22
40,24
40,26
40,27
40,29
40,30
40,32
40,34
40,35
40,64
40,65
40,67
40,68
40,70
40,72
40,73
40,75
40,76
40,78
40,80
40,81
40,83
40,84
40,86
40,88
40,89
40,91
40,92
40,94
40,95
40,97
40,99
40,100
40,102
40,103
40,105
40,107
40,108
40,110
40,111
41,0
41,1
42,0
42,2
43,0
43,2
44,0
44,2
44,3
44,1
43,1
42,1
41,2
40,112
40,109
40,106
40,104
40,101
40,98
40,96
40,93
40,90
40,87
40,85
40,82
40,79
40,77
40,74
40,71
40,69
40,66
40,36
40,33
40,31
40,28
40,25
40,23
40,20
40,17
40,14
40,12
40,9
40,6
40,2
39,4
39,1
38,3
38,1
37,2
4,3
4,1
3,5
3,2
2,2
2,0
1,0
0,664
0,662
0,659
0,656
0,654
0,651
0,648
0,645
0,643
41,12
0,639
0,637
0,634
41,9
0,630
0,628
0,625
41,6
0,623
0,620
0,617
0,614
0,612
0,609
0,608
0,606
0,603
0,600
0,598
0,595
0,592
0,589
0,587
0,584
0,581
0,579
0,576
0,573
0,570
1,3
0,566
0,563
0,561
0,558
0,555
0,552
0,550
0,547
0,524
0,518
0,510
0,507
0,274
0,328
0,273
0,528
0,272
0,389
0,271
0,391
0,270
0,388
0,269
0,513
0,268
0,387
0,267
0,527
0,266
0,385
0,265
0,512
0,264
0,520
0,263
0,429
0,262
0,383
0,261
0,382
0,260
0,381
0,259
0,519
0,258
0,540
0,257
0,427
0,256
0,379
0,255
0,378
0,254
0,377
0,253
0,426
0,252
0,376
0,251
0,514
0,250
0,375
0,249
0,374
0,248
0,373
0,247
0,539
0,246
0,372
0,245
0,424
0,244
0,538
0,242
0,537
0,241
0,536
0,240
0,535
0,239
0,368
0,238
0,445
0,237
0,534
0,236
0,533
0,235
0,365
0,234
0,422
0,233
0,532
0,232
0,420
0,231
0,419
0,230
0,531
0,229
0,530
0,228
0,364
0,227
0,441
0,226
0,529
0,225
0,359
0,224
0,440
0,223
0,386
0,222
0,363
0,221
0,417
0,220
0,526
0,219
0,355
0,218
0,411
0,217
0,525
0,216
0,439
0,215
0,351
0,214
0,213
0,349
0,212
0,334
0,211
0,435
0,210
0,320
0,209
0,384
0,208
0,338
0,207
0,405
0,206
0,434
0,205
0,437
0,204
0,343
0,203
0,400
0,202
0,342
0,201
0,433
0,200
0,332
0,199
0,331
0,198
0,330
0,197
0,414
0,196
0,396
0,195
0,327
0,194
0,432
0,193
0,344
0,192
0,413
0,63
0,399
0,62
0,324
0,61
0,394
0,60
0,423
0,59
0,545
0,58
0,319
0,57
0,318
0,56
0,522
0,55
0,436
0,54
0,341
0,53
0,431
0,52
0,543
0,51
0,521
0,50
0,430
0,49
0,312
0,48
0,311
0,47
0,428
0,46
0,339
0,45
0,301
0,6
0,5
0,11
0,4
0,2
0,3
0,7
